9.525575011761574507e-01 -1.943240580825085495e-02 5.454005062764639977e-02 1.284285354005863522e-01 6.670043141037729217e-02 1.545622128476963238e-02 8.442845322327750465e-03 6.589655323943531540e-02 -1.805087045987942562e-01 3.608771526566498244e-02 -7.536991010776816768e-02 -1.569056873814665687e-02 2.402317215373373296e-02 4.902800026910163200e-02 -6.693118038300123473e-02 4.627894620077083881e-02 4.232439151827039475e-02 4.992845357092040581e-02 5.467684076953788219e-02 1.962423434489349652e-02 -6.886112657303765025e-04 -4.640968246452609886e-02 -2.988085199800741623e-02 -9.737842203280158704e-02 3.318454711555921671e-02 1.163580246910596028e-01 -2.259329090396444695e-03 4.902800026910163200e-02 -1.569056873814665687e-02 3.318454711555921671e-02 -6.693118038300123473e-02 1.163580246910596028e-01 5.467684076953788219e-02 4.232439151827039475e-02 -4.640968246452609886e-02 -2.259329090396444695e-03 2.402317215373373296e-02 -2.988085199800741623e-02 4.627894620077083881e-02 1.962423434489349652e-02 -6.886112657303765025e-04 4.992845357092040581e-02 -9.737842203280158704e-02 2.134920877385378113e-01 2.744507988535915127e-02 2.608504118880102321e-02 2.879347978275416664e-01 1.600996864569329547e-01 -1.207492475607823031e-02 -4.647175529297660201e-01 4.593904593388285773e-02 -2.423142030803936142e-02 4.629556681584687944e-02 -7.998642738488510179e-03 6.454591121929349751e-02 -3.795250803460077996e-03 -5.351495297216120328e-02 1.908402984328286429e-03 -7.818506838452622676e-02 3.103855003619106906e-02 -2.174441785353712145e-02 1.393147475348933614e-02 1.261793870505044726e-02 2.386049360809308975e-02 -3.858848578932275175e-02 -5.066000573710523897e-02 -3.827528912693391461e-01 3.439894321723465515e-02 2.264042921881022352e-01 -1.083750737907174244e-02 7.669577667951454902e-02 -2.748594968153150048e-02 1.567841481721535951e-02 -3.898856154206430200e-04 -1.372787067848239145e-02 -5.214197335080717789e-03 -3.979275548566769266e-02 3.979275548566751919e-02 2.526729668924220656e-02 2.021143216111138952e-02 1.074183580951209790e-02 1.149390512083399690e-03 1.749298156992228721e-03 -1.616455901123924760e-02 -3.518689964853015818e-03 1.368602460227822878e-03 -4.387542212232611177e-02 1.340246374612632033e-02 -3.590046336067481518e-03 -1.011419919313808098e-02 1.755090185347163781e-02 -8.240783305596192237e-03 1.433683010288600967e-03 9.726209980137899211e-03 -1.233179964984329469e-03 -2.444293094433014520e-03 -9.265863621825474843e-04 -5.969353680996450362e-03 1.000349749852249767e-02 -1.564907349727057140e-02 2.444505998420684612e-02 1.389216415187190419e-02 3.166762670548609309e-03 -4.636884989186215549e-03 -3.034579911555767857e-03 9.350394586469060534e-03 1.337013753534024851e-02 6.425236969527497316e-03 -8.784005562562560016e-03 1.261380968573978453e-02 -5.857873346854088406e-03 -3.815475278423080627e-03 -2.184859451785097547e-03 -9.873931996862734140e-04 1.852115430008495836e-02 6.644915161998859142e-05 1.680965839157088412e-03 -6.860283097675138816e-03 -7.285883551544988443e-03 2.358005800603724805e-02 -1.617751102651234299e-02 2.689196586186521666e-03 7.229193862187814276e-03
-1.943240580825085495e-02 1.110996648138266041e+00 -3.943739727547202964e-03 -4.402898829497579707e-03 -1.778796998228549756e-03 -4.591302082329811818e-04 -3.158652070544819626e-03 -4.767598383301404133e-03 -2.546042120677003903e-02 -2.298372977902826773e-03 5.479235158041982981e-03 -3.010419199735258570e-03 -7.387189452295486822e-04 -1.430737053318579003e-03 8.518925705222290395e-03 -6.477317781005055997e-04 -2.074044552138202928e-03 -7.466878489776568838e-03 -2.227272662184275054e-03 -8.331648824955408981e-04 2.446258190816157085e-02 -2.307455974287614051e-03 -5.589672541473352657e-03 1.845944168040594214e-03 -2.525836421354892437e-03 1.381399136136495995e-02 -3.352189827792098967e-03 -1.430737053318579003e-03 -3.010419199735258570e-03 -2.525836421354892437e-03 8.518925705222290395e-03 1.381399136136495995e-02 -2.227272662184275054e-03 -2.074044552138202928e-03 -2.307455974287614051e-03 -3.352189827792098967e-03 -7.387189452295486822e-04 -5.589672541473352657e-03 -6.477317781005055997e-04 -8.331648824955408981e-04 2.446258190816157085e-02 -7.466878489776568838e-03 1.845944168040594214e-03 -6.283218513985881770e-03 -2.295912728262571988e-03 -3.606161981525372352e-03 -3.585303694793089569e-03 -8.574478160941664253e-04 -3.306997876219434679e-04 1.051981079957996397e-02 -4.190493097561352222e-03 -2.534488470961781831e-03 -3.272868135484443934e-03 -3.083187682243964485e-04 6.572723812476864713e-02 -1.995894727951802363e-03 -6.948199045342729092e-03 -4.834077319815868225e-03 -4.234179861006601327e-03 -3.915732468122637769e-03 -6.732178676232157197e-03 -6.281671841089146203e-03 -4.492344559884843894e-03 -1.421141303210871239e-03 -5.551306439331026195e-03 -3.653595637327237359e-03 2.302435631358797433e-02 -5.927673349198385108e-03 -9.774719037746048764e-03 8.327337059281448434e-03 -6.899922248806064466e-03 -1.837503582287071304e-03 -5.690022957074137265e-03 9.715480487843852417e-03 -2.874395008220719753e-03 -1.866889625126809090e-03 -3.557391093204696590e-03 3.557391093204693988e-03 -3.253308782148257622e-04 -2.107298963683690209e-03 -1.363256973138039611e-02 -3.681704206103944619e-04 -7.175182344986228821e-04 -1.131099858772801562e-03 -3.638265100757701780e-04 -8.429992375041580341e-04 -2.899614698455346522e-03 -7.170299870197398067e-04 -3.665035499432548458e-04 -7.027684334135173060e-04 -2.199021299658851232e-04 -8.886601701043357745e-04 -9.614735960184731976e-04 -7.949096779193477215e-04 -4.637070622502868994e-04 -4.316558425194963076e-04 -1.205493861587165517e-03 -7.013050038883715531e-04 -8.952293461918905742e-04 -5.184137046641497425e-04 -8.280673394599170293e-04 -7.942122974616141291e-04 -4.944479165586546749e-04 -4.360888728047054657e-04 -5.495328058698666432e-04 5.887192930370061666e-03 -4.663491994397866427e-04 -4.851020134342101837e-04 -9.406790451043333919e-04 -1.165199176215874150e-03 -6.409924305385086580e-04 -5.710315298469631267e-04 -1.321203809567917764e-04 -3.303770615256528161e-04 -8.543528178429930439e-04 -9.642980561448560601e-04 -2.164403143067870992e-03 -4.049396676044488756e-04 -3.546196657775641838e-04 -6.501871581223715203e-04 -9.422697495934468032e-04 -3.433168164029419718e-04 -5.650443349614315365e-04
5.454005062764639977e-02 -3.943739727547202964e-03 9.988717809668551384e-01 -7.658768688286977933e-02 -5.450283077481108546e-02 -5.179469230763187118e-03 -5.414297575242045524e-02 -6.211468958272546581e-02 -3.947874420463924894e-01 -4.733598940105826491e-02 -2.658498867252255711e-03 1.402454975862609324e-02 -1.383873372485478273e-02 -9.147128958074563290e-03 -2.196904593160334956e-02 -4.962666389055611638e-03 -1.515201800681413059e-02 -4.047268047818182446e-02 1.221405413555722158e-01 4.674899466411021505e-03 -2.129406881722780906e-02 -6.978564172432648489e-03 4.150145885646008836e-02 -2.404309789228049193e-02 -9.423663232701441975e-03 -1.369371565846935930e-02 -1.861009867155299013e-03 -9.147128958074563290e-03 1.402454975862609324e-02 -9.423663232701441975e-03 -2.196904593160334956e-02 -1.369371565846935930e-02 1.221405413555722158e-01 -1.515201800681413059e-02 -6.978564172432648489e-03 -1.861009867155299013e-03 -1.383873372485478273e-02 4.150145885646008836e-02 -4.962666389055611638e-03 4.674899466411021505e-03 -2.129406881722780906e-02 -4.047268047818182446e-02 -2.404309789228049193e-02 -3.611750587965774102e-03 -2.707387590309274020e-03 2.770855709757844964e-03 1.918544948304671052e-02 3.487954871745216345e-02 -7.075468437585972353e-03 -2.867390169630446711e-02 -2.383446131313250033e-02 -1.782039033121484914e-02 -2.435481020980765493e-02 -4.146399416475914784e-03 -6.225388771219127204e-02 2.319296291831974277e-01 -2.249451875396778905e-03 -5.817231971940217683e-02 -2.211412770368735917e-02 6.495532452201260853e-03 1.907719068358558479e-02 -4.441360915088188310e-02 1.593551263997806111e-01 -1.619654876329452986e-02 -9.066291373493313988e-02 -1.412302128441880397e-02 -2.710699652124927417e-02 7.086097287130563652e-03 -1.473398788912873639e-02 2.707693768657789060e-02 3.442032730303364735e-02 -9.512796404211208354e-03 -2.612708539175640290e-02 3.971309836269985155e-02 -2.222859906447987449e-02 2.358083065913433099e-02 4.900826605549893356e-02 -4.900826605549895437e-02 -1.403452561024626406e-02 6.657908552958119106e-03 3.085691657770948601e-03 6.115933717872345382e-03 5.846550856641993289e-03 -4.549619698029546029e-03 -7.324243643019954370e-03 -1.287560905667127151e-02 -2.018490161421548218e-02 -4.449344225969202593e-03 2.274287062331535169e-03 3.563907499254392874e-07 -4.148859144832630665e-03 -4.864567531462154863e-03 -3.426888417081648194e-04 -6.517897942549476763e-03 -2.768327673735779954e-03 -6.506756502157515915e-03 -5.064462291923522291e-03 -1.071165726729268394e-02 -1.036031728607982039e-02 -3.867489437462152870e-03 -4.171436729695796562e-03 -4.654812432906882576e-03 1.133734632180037876e-03 -6.337288199990174543e-03 -2.968319581344537692e-03 3.477271945284601817e-02 -2.830832312472581370e-03 -6.307616997330272451e-04 -4.016298350298409814e-03 1.088001309316894913e-03 -3.439892265614753666e-03 -8.855943045108975384e-03 -1.490456161783352803e-03 -6.233172426141440209e-03 -4.228908621392316047e-03 -5.349730768710165424e-03 -1.167610773457893568e-02 4.061508117863691161e-04 -1.779972272852887311e-04 -6.618095382337792557e-03 -4.848415740628663449e-03 -5.609194164330333701e-03 -7.363440298449612856e-03
1.284285354005863522e-01 -4.402898829497579707e-03 -7.658768688286977933e-02 9.894369766979536074e-01 -5.875416745430570714e-02 -5.782501024157031197e-03 -5.932098163629138943e-02 -6.883986412919562703e-02 -4.342096368584026922e-01 -5.154523842250982590e-02 -3.752023960028277871e-02 -6.813442131235579978e-03 6.786428609348557628e-02 -1.080872387489583471e-03 -1.595527172619930906e-02 1.056368394724659619e-02 -3.611764931071985516e-03 1.552070134372772817e-02 -1.028080361245994716e-02 -1.049326901155421890e-02 -3.383103210862818677e-03 -1.314952102392772867e-02 -1.369171003919739636e-02 -1.952197616428823918e-02 -3.450280081681523104e-03 3.794349689448280744e-02 1.914969397786168460e-03 -1.080872387489583471e-03 -6.813442131235579978e-03 -3.450280081681523104e-03 -1.595527172619930906e-02 3.794349689448280744e-02 -1.028080361245994716e-02 -3.611764931071985516e-03 -1.314952102392772867e-02 1.914969397786168460e-03 6.786428609348557628e-02 -1.369171003919739636e-02 1.056368394724659619e-02 -1.049326901155421890e-02 -3.383103210862818677e-03 1.552070134372772817e-02 -1.952197616428823918e-02 1.023188784336071799e-01 9.403571452840037495e-04 -1.420627599787634490e-02 1.247648686191967903e-03 -1.708338239044003559e-02 1.880892521329657723e-03 -9.162704606402823082e-02 1.963375576068347728e-02 -3.209443339217475655e-02 2.377400857664312694e-01 -4.588513619107678979e-03 -6.899617423562065532e-02 -3.677830064673386079e-02 -2.445449712365057107e-02 -5.458441159318079550e-02 -4.946998261577090911e-02 2.045239773490020643e-03 -8.404183842557270967e-02 7.181956255604214634e-02 9.925721825695741143e-03 -1.807226012361545786e-02 3.191128427525737055e-02 -1.485718045976708486e-02 -6.925496034328094963e-02 -2.661295334556888076e-02 1.068158273599767866e-01 -5.535313860066727078e-03 -3.903227948369358824e-02 -1.324998780914739098e-02 5.206487690039214578e-02 -5.463988274017776009e-02 -5.965615189206920597e-03 -2.644972455348058513e-04 -9.807199737130797845e-02 9.807199737130797845e-02 2.634146460300064094e-02 1.640005685404832825e-02 8.735190017349153679e-02 -3.835471604739671553e-05 -1.031356875532500779e-02 -9.192430085514725208e-03 -2.713146299806534247e-03 2.951530523689901986e-02 -1.718686287934369922e-02 -1.727907632354218348e-04 1.165250690415377700e-03 -1.699152137470023426e-03 8.205819385058623489e-03 -3.805014919946991640e-03 -1.131271858768039852e-02 5.989724241154631076e-03 1.319232429273056381e-02 -2.477138169216202071e-03 -1.499459624838154689e-02 -3.302503506864086329e-03 6.397352000134697188e-03 -8.649489083234283837e-03 -1.712103041341509185e-03 -1.381236139633011846e-03 -9.072644556018003112e-05 9.247969243132276446e-03 -4.181090847556150417e-03 1.418722137048899698e-02 2.162115551101164920e-02 -1.812717222665350281e-03 -3.515106222691414400e-03 -6.288297175770559549e-03 -5.833948544196550278e-04 4.399858722649033042e-03 -1.663985998949095305e-03 -1.066044039211160293e-03 3.788329765317142127e-03 -7.157712558664092520e-03 -4.748322823065529927e-03 -6.097727749029317572e-03 -6.359359827792912534e-03 1.325503512972411174e-02 -1.239688626729047900e-02 4.713959203652357335e-04 -4.384491779642485897e-03
6.670043141037729217e-02 -1.778796998228549756e-03 -5.450283077481108546e-02 -5.875416745430570714e-02 9.815822733219822238e-01 -2.336164391312891761e-03 -4.106838403429517032e-02 -3.550930192364590288e-02 -2.748098580117968037e-01 -4.060441389493325837e-02 -2.211901143308847573e-02 -1.236911839683062925e-03 5.561546125915900474e-02 -5.708850129182040621e-03 -1.166582358986857811e-02 1.655946530505454303e-02 -6.898730832310624554e-03 -1.296592483457813250e-02 -8.132668513648633191e-03 -4.239342338352465080e-03 -5.139086159360468573e-03 -5.714105842551765041e-03 1.724072516791994025e-02 6.379613553984175497e-04 -5.207000968047945447e-03 -1.457659720062238606e-03 -9.569368907250141304e-03 -5.708850129182040621e-03 -1.236911839683062925e-03 -5.207000968047945447e-03 -1.166582358986857811e-02 -1.457659720062238606e-03 -8.132668513648633191e-03 -6.898730832310624554e-03 -5.714105842551765041e-03 -9.569368907250141304e-03 5.561546125915900474e-02 1.724072516791994025e-02 1.655946530505454303e-02 -4.239342338352465080e-03 -5.139086159360468573e-03 -1.296592483457813250e-02 6.379613553984175497e-04 4.769018101279264704e-02 -7.082516736060641763e-03 -4.898807000663168987e-03 4.316948722199269277e-03 -1.014025455207577010e-02 -6.199608920005990342e-03 -4.091960259040430814e-02 9.694325985271737278e-02 -3.335962354632135418e-02 2.316632362097150594e-02 -2.471206891298043714e-03 -3.555869523733148213e-02 -2.550198053133560794e-02 -2.602349452056609141e-02 -2.874678401841673087e-02 -2.621426475232995282e-02 -1.679210240789507508e-02 -3.809433899320320560e-02 -1.673052061237658913e-02 -1.574257615955648032e-02 -7.453369803620359980e-03 9.024187250802162552e-02 -1.389329600354888977e-02 -2.177196921770643140e-02 -2.062850594673741600e-02 5.965573443688606398e-02 -2.369131508085705468e-02 -1.610686911951085890e-02 -2.494340368072012377e-03 2.924177344668399403e-02 -3.580105198434639646e-02 8.687354789025696772e-03 -1.104038292545717059e-02 -5.421108004315283724e-02 5.421108004315283724e-02 6.722445700909294997e-02 1.258867242200326433e-02 9.952971126258150503e-02 -6.902068610666447016e-03 -1.784933554883798897e-04 -4.569337309379754158e-03 -6.199458930290314106e-03 1.768616201526764312e-02 -7.311466297185309320e-03 -3.122517484891864075e-03 1.616193127891478107e-02 -4.504780123741761524e-03 6.017244072385617183e-03 -1.706745925563233224e-03 3.455710086129706524e-03 -4.328386224568520936e-03 9.479826066048232212e-04 -4.407314892651070966e-03 -1.394782786608809305e-02 9.586737795874281098e-03 -4.907862412447137022e-03 2.373515230316807986e-02 2.013120851399424413e-02 -6.074015299873507419e-03 -2.515869344490947491e-03 1.980529828366072234e-02 -4.843219127692935388e-03 -1.080232045416191014e-02 1.347295094358514148e-02 4.056221443421244646e-03 -7.195485076274807379e-03 -8.976385823477907311e-03 -4.234314398463592290e-03 -6.173253292494690000e-03 -6.722601210359763170e-04 3.397949096156110353e-03 6.012586574427364501e-03 -1.504706807059767509e-03 2.735109881571422263e-02 -3.336802914118909731e-03 -4.226211583100552768e-03 -2.354553662567592052e-03 -5.471871910752982258e-03 -4.091508864782223039e-03 6.923709650564534648e-03
1.545622128476963238e-02 -4.591302082329811818e-04 -5.179469230763187118e-03 -5.782501024157031197e-03 -2.336164391312891761e-03 1.031583318306180885e+00 -4.148382586153919610e-03 -6.261475360168974359e-03 -3.343817730202160166e-02 -3.018544057741872223e-03 -3.065833487226235065e-03 5.291961825499398413e-03 -9.701887830661665721e-04 -1.879043511217982606e-03 -5.202274631773137932e-03 -8.506917408939961012e-04 -2.723924671295406812e-03 1.534635687681236253e-02 -2.925165203404446902e-03 -1.094228364741353264e-03 -4.518854970749225028e-03 -3.030473115831231433e-03 -7.341137838381699317e-03 -4.344598154870543336e-03 -3.317280786805771719e-03 8.024947772634556317e-03 -4.402563370866984654e-03 -1.879043511217982606e-03 5.291961825499398413e-03 -3.317280786805771719e-03 -5.202274631773137932e-03 8.024947772634556317e-03 -2.925165203404446902e-03 -2.723924671295406812e-03 -3.030473115831231433e-03 -4.402563370866984654e-03 -9.701887830661665721e-04 -7.341137838381699317e-03 -8.506917408939961012e-04 -1.094228364741353264e-03 -4.518854970749225028e-03 1.534635687681236253e-02 -4.344598154870543336e-03 8.733159245952878610e-03 1.160655640110041034e-02 -4.736115036698283244e-03 4.864015039615487285e-03 -1.003143303933683866e-02 -4.343210994995463426e-04 -4.714432380852438299e-03 -5.503540182669299299e-03 -3.328643865460692314e-03 5.311003978820066224e-02 -4.049272222833634493e-04 -6.279414212158471002e-03 -2.621287418908493753e-03 -3.667453489634848931e-03 5.034563539848829631e-04 2.638054506466275522e-03 2.479038471166471105e-03 1.447174690191735651e-03 -3.287901404500812377e-03 -5.899973636541796899e-03 -1.866441033400931260e-03 -7.290750120299539783e-03 -4.798411531320073697e-03 1.077945780078095987e-02 -1.479798800711426034e-02 5.740589355689121754e-04 1.203494709119834472e-02 1.639646898308249430e-03 -2.413266068090853984e-03 5.245266194241347997e-04 -2.410343193495761635e-03 5.590198015010292704e-03 -2.451859919414588543e-03 -3.672500685416841323e-03 3.672500685416835685e-03 1.095015933298894946e-03 -2.767599004108197650e-03 -8.248652476617778645e-03 -4.835327625475027940e-04 -9.423450518650194722e-04 -1.485518142720071129e-03 -4.778277331821677060e-04 -1.107144211803039961e-03 -3.808178568889614840e-03 -9.417038171566678587e-04 -4.813435954294432344e-04 -9.229735552255138951e-04 -2.888061572576930999e-04 -1.167112518989922099e-03 -1.262741268645584027e-03 -1.043986292822665640e-03 -6.090048093784941434e-04 -5.669106759230133118e-04 1.958952687225585729e-02 -9.210515753986189304e-04 -1.175740077543775425e-03 -6.808532047281527604e-04 -1.087533560030787272e-03 -1.043070395509344784e-03 -6.493779881422300686e-04 -5.727327497787385036e-04 -7.217231500893796876e-04 2.342958193714350136e-03 -6.124748325598948365e-04 -6.371036442422430782e-04 -1.235430963182221733e-03 -1.530302123835466715e-03 -8.418406894185297010e-04 -7.499582738635633423e-04 -1.735189173724961383e-04 -4.338972505635782777e-04 -1.122055317526367453e-03 -1.266450743745152615e-03 -2.842596179504382897e-03 -5.318232676519899340e-04 -4.657360207341594126e-04 -8.539164885069295977e-04 -1.237520098248028185e-03 -4.508915419902700234e-04 -7.420950542219508384e-04
8.442845322327750465e-03 -3.158652070544819626e-03 -5.414297575242045524e-02 -5.932098163629138943e-02 -4.106838403429517032e-02 -4.148382586153919610e-03 1.001144541297954493e+00 -4.912413790439264932e-02 -3.081233386468538726e-01 -3.630603858205617290e-02 -1.239173905582290416e-02 4.565162717814858981e-04 7.780906574711575832e-03 -1.105531202548393904e-02 -2.609622777991784173e-02 1.035568453689393875e-01 -1.458053370016432551e-02 -4.947666876737001618e-02 6.714949613808776641e-02 -3.117201075390748765e-03 -2.200417292247300663e-02 -9.185599953733171452e-03 2.188142408064631256e-02 1.229973165564134108e-02 -1.737750558779011661e-02 -1.580180734838231710e-02 -7.428509603624868646e-03 -1.105531202548393904e-02 4.565162717814858981e-04 -1.737750558779011661e-02 -2.609622777991784173e-02 -1.580180734838231710e-02 6.714949613808776641e-02 -1.458053370016432551e-02 -9.185599953733171452e-03 -7.428509603624868646e-03 7.780906574711575832e-03 2.188142408064631256e-02 1.035568453689393875e-01 -3.117201075390748765e-03 -2.200417292247300663e-02 -4.947666876737001618e-02 1.229973165564134108e-02 -7.872930185132185829e-03 2.040927141259512873e-03 2.790622113757929706e-03 -1.073923925937740609e-02 1.618806267515964653e-02 1.149196756011995960e-03 -1.137284262230024278e-03 9.272292530513853021e-03 1.205917756990891078e-02 -2.135902607281089244e-02 -3.270815767417042941e-03 -4.923674305306379589e-02 1.006202942235044362e-01 -1.890763196520570382e-04 -4.337692460410722678e-02 -3.431887724288466140e-02 -1.352810035395045699e-02 4.976578121339104988e-02 -5.220333966853546448e-02 1.187543436181336398e-01 -1.295991898968898957e-02 -6.666954027027524599e-02 -1.420760689386041907e-02 -1.407703869697411736e-02 1.860510889327687128e-02 -8.954500941885372434e-03 1.624588037244937330e-03 1.128058166334740958e-02 -1.078657567431450838e-02 -2.378453970765843570e-02 2.047632936899180037e-02 1.605759921529204340e-02 5.336910370848678420e-03 2.017844334124735406e-02 -2.017844334124736447e-02 -1.323251180402169880e-02 -7.995691213125218078e-03 -2.707351382236952708e-02 -1.823868600704034448e-04 -2.612882100723086520e-03 -1.135224215156997556e-02 -5.624536087185293132e-03 -1.005983868377486289e-02 -2.423452021396895265e-02 -8.546703192030345730e-03 5.015973282901943150e-03 -1.448474080695990847e-03 -3.197742960205456758e-03 -4.891942079131619478e-03 -7.202287609332910442e-05 -1.208614863174705539e-03 -3.161318095398126232e-03 -5.088568807387118878e-03 -9.658222358193075188e-03 2.265503952363160170e-02 -4.176981001972480088e-03 1.369930917061042662e-02 -1.121924815935628969e-02 2.237473127063048517e-02 3.946105454945884015e-03 2.451239921655702734e-03 -6.065533759724763690e-03 2.241715945336956312e-02 -5.835430578088265582e-03 2.171910772790945805e-03 -2.791310723085897987e-03 -3.541175424986824083e-04 -6.314457467269067072e-03 -1.226513063077548215e-03 -1.193748260970497067e-03 -4.804232332223448698e-03 -3.492600964353605869e-03 -9.060910990716359789e-03 -4.149373983339218683e-03 -4.344828954457997244e-03 2.534094378092683654e-03 -2.249504037875211908e-03 -8.877800284262951647e-03 4.725185131289080971e-03 -5.823349845470912264e-03
6.589655323943531540e-02 -4.767598383301404133e-03 -6.211468958272546581e-02 -6.883986412919562703e-02 -3.550930192364590288e-02 -6.261475360168974359e-03 -4.912413790439264932e-02 1.006505686563919033e+00 -3.823645881403298086e-01 -3.833867811268919235e-02 -2.304265323205992137e-03 -9.243013481543367257e-03 -1.760875488271691379e-03 5.013130722177263493e-03 3.212290126864790485e-02 -6.312804036865959922e-04 1.388721398554166632e-02 -2.582250261998016508e-02 -1.598225610994466819e-02 7.342132734032042092e-03 3.179495112380737593e-02 1.410590237699057246e-02 -3.407832959497981290e-02 2.532963758501826507e-02 1.944979224800471099e-02 3.079740931462878611e-02 -9.955358497783256544e-03 5.013130722177263493e-03 -9.243013481543367257e-03 1.944979224800471099e-02 3.212290126864790485e-02 3.079740931462878611e-02 -1.598225610994466819e-02 1.388721398554166632e-02 1.410590237699057246e-02 -9.955358497783256544e-03 -1.760875488271691379e-03 -3.407832959497981290e-02 -6.312804036865959922e-04 7.342132734032042092e-03 3.179495112380737593e-02 -2.582250261998016508e-02 2.532963758501826507e-02 -1.666909583965569749e-02 6.397632305289955310e-04 2.185200622865745949e-03 7.074619161008884050e-02 -3.618349733712470512e-02 5.533561360791869679e-03 1.695996206824848876e-02 -7.630587315590010855e-02 -4.006075609593396508e-02 -4.687051217495882827e-02 -4.423076547841420410e-03 1.004404415624504887e+00 -3.223084093875640266e-02 -9.626158430212058970e-02 -6.938535250456787096e-02 -5.910021890952538159e-02 -5.810679041306272136e-02 -9.699485621167669436e-02 -9.497778081013390217e-02 -7.956703898183919987e-02 -1.943485663660079327e-02 -8.587602536383154295e-02 -2.949913894484273730e-03 7.432356182863701644e-02 -2.558499945849273399e-02 -3.412699019410998791e-02 3.761998516724678054e-02 -2.141438831093260206e-02 5.040812944350884367e-03 -1.199933430197731681e-02 6.467498895814795083e-03 6.940083385658723375e-03 6.695766822856994913e-03 4.832791913480220108e-02 -4.832791913480279089e-02 1.492540485401393441e-03 -3.209849203318675126e-03 -1.517124795628086165e-01 3.680921992992156576e-03 -2.126307750539575825e-03 -3.530665954479199993e-04 1.122116003685075941e-04 1.130954861836081307e-02 -8.454228095726209341e-03 3.088254077644638461e-03 -5.179926795784028579e-03 -5.228404995461252355e-03 -3.543952243278917797e-03 -2.645766653254428332e-03 5.270427915132289663e-03 -4.184737542801760142e-03 -3.949183569947499126e-03 -6.421686360929525217e-03 1.146441128961572754e-04 -1.212211164751612197e-02 -1.858732935655774089e-03 2.494637156647014353e-02 -7.489478185101396818e-03 6.246240554076079414e-03 -6.743127310950496923e-03 -1.167317807975836157e-04 -2.942641508583508821e-03 9.050599415051567218e-03 -7.089890875064338432e-03 -7.902971834407798452e-04 -1.044176565200926471e-02 -6.609681946421808174e-03 -4.180238423142356406e-03 5.613208907951597760e-04 -1.801816772457963834e-03 -5.324371021342977350e-03 1.798721035549291983e-02 -6.919422576436143335e-03 -7.580547321388881633e-03 4.624688991115193451e-04 5.488084596045881332e-04 5.084167035230728604e-03 -9.674158858444154713e-03 2.458184442844566116e-03 5.144093334252106652e-03
-1.805087045987942562e-01 -2.546042120677003903e-02 -3.947874420463924894e-01 -4.342096368584026922e-01 -2.748098580117968037e-01 -3.343817730202160166e-02 -3.081233386468538726e-01 -3.823645881403298086e-01 9.932138223777873254e-01 -2.576937113344039409e-01 4.059062224706233568e-02 -7.792317894486963659e-03 -5.928224842159605240e-02 1.379532284132339512e-02 2.765653876820482748e-02 -5.300949577830951776e-02 1.707620749410876382e-02 5.566503766879477011e-02 -7.757384644763429260e-02 5.042229938129156458e-03 1.533534969192737463e-02 1.391421848733629188e-02 -1.915492523181172232e-02 -1.328581892500306852e-03 1.255221579677337322e-02 -1.691360417067577088e-02 1.345635103835346805e-02 1.379532284132339512e-02 -7.792317894486963659e-03 1.255221579677337322e-02 2.765653876820482748e-02 -1.691360417067577088e-02 -7.757384644763429260e-02 1.707620749410876382e-02 1.391421848733629188e-02 1.345635103835346805e-02 -5.928224842159605240e-02 -1.915492523181172232e-02 -5.300949577830951776e-02 5.042229938129156458e-03 1.533534969192737463e-02 5.566503766879477011e-02 -1.328581892500306852e-03 -5.984298955020778132e-02 1.873369636027583194e-03 6.843386562560635142e-03 -4.728573339550257854e-02 -3.094410407886941366e-03 -4.654898178128658720e-03 8.037193766937802963e-02 -9.164115605356903949e-03 4.121310025579042607e-02 -9.803035469828243198e-02 -2.527349594255898918e-02 -3.832965550971498825e-01 -1.197453653521950434e-01 8.418316580782549130e-02 1.383564163503367694e-01 9.947898744919447811e-02 4.363287290703476984e-02 3.549720822654497260e-02 7.034924065970316054e-02 -1.018503493379193381e-01 4.103555235446050553e-02 8.625497873120156755e-02 3.084291782075588087e-02 4.101885130476858043e-02 1.771669540191794096e-02 -5.384611562359038067e-02 -1.822081267454658121e-02 8.030739172485628491e-03 1.554646288410853339e-02 9.323690489536424347e-03 -6.967623437830626834e-03 -3.596002425595212770e-03 -2.074781020439756679e-02 1.587627625676198834e-02 -1.587627625676371265e-02 -2.281709445959837976e-02 -1.323410265776076705e-02 -3.397620583217572394e-03 -2.693037387237228950e-03 7.325696261175356980e-03 1.532812624267665229e-02 9.118777467206927445e-03 -1.709531009114020547e-02 4.577227995981982683e-02 6.749622154516809330e-03 -6.735568998921900863e-03 5.694278630464393032e-03 -7.497725987348719066e-04 8.160733179399812590e-03 3.844247044530742230e-03 3.764045877381595913e-03 -4.588107951615483585e-03 1.364289163754808104e-02 1.493679225873797457e-02 1.785348298724884642e-03 5.286063680922084909e-03 -1.777368142414963853e-02 4.708342927903023424e-03 -5.159705658532388883e-03 3.390335652799111605e-03 -9.308510170806007233e-03 1.184977582990911354e-02 -4.222021160286636848e-02 -8.538683485045661659e-03 7.633754489819705820e-04 1.638693794356262806e-02 4.935324518146712650e-03 1.047145607060056584e-02 4.602116044240302239e-03 3.777244158047244043e-03 8.925489720968174043e-03 -8.310057590577278955e-03 1.752910793589501637e-02 4.302334426105123080e-03 4.430899982280502025e-03 5.570480153927102017e-03 -3.207591297365525521e-03 2.146991340927919753e-02 2.491366027923634825e-03 5.369537669884454079e-03
3.608771526566498244e-02 -2.298372977902826773e-03 -4.733598940105826491e-02 -5.154523842250982590e-02 -4.060441389493325837e-02 -3.018544057741872223e-03 -3.630603858205617290e-02 -3.833867811268919235e-02 -2.576937113344039409e-01 9.889443679112122076e-01 -5.756687387283070979e-03 2.465862526562116047e-02 7.270880692226878647e-03 -1.005718024038669035e-02 -1.915760381369945725e-02 -2.104605358853837548e-03 -1.283567860662019819e-02 -1.200943804116165470e-02 3.390705397719655321e-03 -5.477628916763277282e-03 -1.937006407469775079e-02 -8.725815588575236773e-03 1.758245193632597403e-02 2.034481140046996706e-02 -1.516481870785467249e-02 -1.869822478660048901e-02 -3.605769393100909017e-03 -1.005718024038669035e-02 2.465862526562116047e-02 -1.516481870785467249e-02 -1.915760381369945725e-02 -1.869822478660048901e-02 3.390705397719655321e-03 -1.283567860662019819e-02 -8.725815588575236773e-03 -3.605769393100909017e-03 7.270880692226878647e-03 1.758245193632597403e-02 -2.104605358853837548e-03 -5.477628916763277282e-03 -1.937006407469775079e-02 -1.200943804116165470e-02 2.034481140046996706e-02 -1.441897888823199386e-02 5.059632995562361605e-04 -1.271397547642871655e-04 9.686145646770781201e-03 2.775415901231925719e-02 1.779651338428569346e-02 -9.613882703321053116e-03 1.842023163187921780e-02 4.195421774148026806e-02 -1.788249089679831011e-02 9.449595107539132677e-02 -3.841597894971386651e-02 2.867320923250408007e-03 -2.613469098269979168e-02 -2.891473162255608562e-02 -1.122478681659713935e-02 -1.821878062398711931e-02 1.252579165188273391e-01 -3.177546911338757774e-02 1.911293935007856576e-02 -9.481444495329473948e-03 -5.495434544559141266e-02 -3.453035419587935709e-03 -2.728526366962083505e-02 2.168052291182108113e-02 -8.225609555123709199e-03 -1.087456980754069463e-02 2.404778548858818588e-02 1.307173599926367714e-03 -5.715936348979058779e-02 5.345075438758168512e-02 1.364209917558307540e-02 1.962949425785729882e-02 1.115323528170374286e-02 -1.115323528170378276e-02 -1.857426953183424073e-02 9.010502141132033238e-04 -4.206509588136671945e-04 1.215850394634868277e-03 -5.732745278291314500e-03 -1.663306257524294236e-03 3.258372275944304564e-03 -4.293028820498184100e-03 -1.969138487276669153e-02 -2.402250192151779169e-03 -2.876380561557363540e-03 1.048235712929369411e-03 -2.846169832327203643e-03 2.237797842952848285e-03 -2.590347697409361820e-03 1.682726327409547664e-03 3.695628403014989717e-03 -4.212394927717659152e-03 1.426016905485950545e-02 -3.892114906017513087e-03 3.381785463976829612e-03 -7.653050728113232684e-03 -2.286290300522421035e-03 -4.709542873656385673e-03 -3.250739754491467019e-03 -4.057284587396313424e-03 -4.885494489214995545e-03 1.433927534735638006e-02 -4.941733275550568710e-03 -3.961627365414182970e-03 -7.682136424822971939e-03 1.435188352418539925e-02 -4.818950186984698354e-03 7.944188061894856892e-04 -8.686232874500274389e-04 -4.276035097764066886e-03 -4.043857964417568902e-03 -6.742453310860840356e-03 -9.749786562958729415e-04 5.126526927031244477e-03 -3.837016761554052410e-03 -4.347224316184393131e-03 -2.061381694329668564e-03 -3.714718912086345352e-03 -4.545282567057593905e-03
-7.536991010776816768e-02 5.479235158041982981e-03 -2.658498867252255711e-03 -3.752023960028277871e-02 -2.211901143308847573e-02 -3.065833487226235065e-03 -1.239173905582290416e-02 -2.304265323205992137e-03 4.059062224706233568e-02 -5.756687387283070979e-03 1.004140113235245879e+00 2.366430187882993547e-03 -2.607670937428475423e-03 2.834948008362740343e-02 7.971867865945505074e-03 -4.953908432665742566e-03 4.064006901024884433e-02 1.609866984769252416e-03 -1.993204932939487972e-02 1.773475721203454300e-02 1.096751448015335570e-02 1.003815974473533032e-02 -7.002457265287287923e-03 -7.667276691110221781e-03 1.726769938682220715e-02 -4.944073434878148900e-04 -1.682827969598648526e-02 2.834948008362740343e-02 2.366430187882993547e-03 1.726769938682220715e-02 7.971867865945505074e-03 -4.944073434878148900e-04 -1.993204932939487972e-02 4.064006901024884433e-02 1.003815974473533032e-02 -1.682827969598648526e-02 -2.607670937428475423e-03 -7.002457265287287923e-03 -4.953908432665742566e-03 1.773475721203454300e-02 1.096751448015335570e-02 1.609866984769252416e-03 -7.667276691110221781e-03 -2.207323635044696614e-02 5.972958197320146767e-03 2.868072094528661270e-02 -2.703324923453102879e-02 -1.675899494185240091e-02 3.667120713838618699e-04 3.346458352927132035e-02 -2.012016831569862080e-02 5.482631215110115447e-04 -3.299605502154781544e-02 4.938449200688350624e-03 -1.952521412803007953e-03 1.624311533042382266e-02 -7.501447753994062995e-03 1.132711079955544577e-02 3.072161787789803519e-02 4.229378453861695406e-03 7.410840921799464152e-03 9.590737996608630911e-03 -1.556790444450384045e-02 6.867133585450769552e-03 6.230628584287763345e-03 2.515104967906646796e-02 1.215309396835917433e-02 5.484876848847740870e-03 -1.712200198304762028e-02 -1.580559046846123639e-02 2.254934231420128391e-03 5.289042176318765019e-03 -5.678060488161469632e-02 1.202470152958464433e-01 -5.328048884378707578e-02 -6.679119533976174417e-02 -2.965652069905221760e-02 2.965652069905221760e-02 5.443534070139723763e-03 -1.251439556781398441e-02 -1.470816540837236591e-02 -3.400053575460203897e-03 4.974930429767335238e-03 3.394287017776567716e-02 9.306833293132709545e-04 -1.209965728005841373e-02 1.342183562093314519e-01 -1.957003733356594763e-03 8.254849375797880529e-03 3.440374416933946605e-02 5.986502160345078243e-04 -1.044080479020362967e-02 2.774095449408164188e-03 -5.600487792274804269e-03 -2.965047057660991602e-03 -1.283255290016467945e-02 -1.729990074888209522e-02 -1.217633559393846085e-02 7.447900304875433412e-03 -1.579454145562492499e-03 2.979103642743654440e-02 -6.622566812525267424e-03 3.055160786681475945e-03 8.683092689897417733e-04 -7.162575413919469898e-04 -7.534012742371512528e-02 -1.191082828805144905e-02 6.093087942349012694e-03 8.858078136458434962e-03 7.769136017350467688e-03 2.739595241841308315e-02 -1.592940011821445019e-03 -9.486721435144573195e-03 6.265222315782213724e-03 -5.823245053372804771e-03 1.533233558897156368e-03 4.625719630710890123e-03 8.551282060384824205e-03 8.132907276997074567e-03 -1.959033196010497111e-03 3.099487725724331053e-02 -4.208368054055507124e-03 -9.910286812363422113e-03
-1.569056873814665687e-02 -3.010419199735258570e-03 1.402454975862609324e-02 -6.813442131235579978e-03 -1.236911839683062925e-03 5.291961825499398413e-03 4.565162717814858981e-04 -9.243013481543367257e-03 -7.792317894486963659e-03 2.465862526562116047e-02 2.366430187882993547e-03 1.004724241506092630e+00 -2.514555944449879329e-02 -1.276245715766329350e-02 -3.604569133408133674e-02 -2.125357927230672045e-02 -1.867848244745576314e-02 -1.277590144994715238e-01 -4.364955339494654141e-02 -7.174622839102163911e-03 -3.152716446492462299e-02 -2.147346319407457058e-02 -8.182389698014949642e-02 -9.910391589602869644e-02 -2.297007996474492719e-02 -2.659345318263239832e-02 -3.945301699140511820e-02 -1.276245715766329350e-02 1.004724241506092630e+00 -2.297007996474492719e-02 -3.604569133408133674e-02 -2.659345318263239832e-02 -4.364955339494654141e-02 -1.867848244745576314e-02 -2.147346319407457058e-02 -3.945301699140511820e-02 -2.514555944449879329e-02 -8.182389698014949642e-02 -2.125357927230672045e-02 -7.174622839102163911e-03 -3.152716446492462299e-02 -1.277590144994715238e-01 -9.910391589602869644e-02 -1.286839123841123332e-02 -2.616749201955315997e-03 -3.446270558879751915e-03 -9.260179601446925576e-03 3.428107246108596379e-02 9.674066944916450903e-03 -6.650395843184673042e-03 8.180289348986969841e-03 4.115340534036800169e-02 -1.760161314786109349e-02 -3.035992062985766286e-03 -9.417488365755972285e-03 1.658061213472700537e-02 -1.415614413829457095e-02 -2.452532397620696414e-02 -1.973290145847939395e-02 -1.885472492827941840e-02 3.601759758095747499e-02 -1.140301812704962864e-02 7.227093018856173973e-04 -9.491734362193113977e-03 1.343218574413822079e-02 -1.702375707279694603e-02 -1.683609114096535145e-02 2.298274037282191373e-02 -1.946685982913552715e-02 1.837242249533307947e-02 1.501430747345726228e-02 -4.088312828130621565e-04 -1.130983116748069447e-03 6.256410037932672204e-03 -6.568684456557447211e-03 -2.589907522195037445e-03 2.763511309346377773e-02 -2.763511309346377773e-02 -1.133559716141116849e-02 5.911208534450895259e-03 2.976559099419689644e-03 1.398293011310030101e-02 8.784661515973891249e-03 -5.351199515709914069e-04 -4.968709191914660352e-03 -9.178122995424187885e-03 -2.362518764245317635e-02 -3.329626044605927919e-03 -3.473073605403481819e-03 -5.092429905431489429e-04 6.749873478649571351e-03 -3.981733872143519183e-03 2.710664964794604233e-03 4.621807694964783983e-03 1.415398308907381102e-02 2.412067035688476423e-03 9.461778020561535663e-05 -1.107645618902380717e-04 5.662671439095184021e-03 -2.499881936677509232e-03 5.950050048393424815e-04 -9.349204585854925184e-03 -4.257833460602206480e-03 3.590851842516016527e-03 -5.596397045129394496e-03 1.561088728541504614e-02 -5.289658114409539168e-03 3.235205126981723425e-03 1.781676128894467762e-02 -4.830415419254556648e-03 2.844535250696834743e-04 -3.716516803281149934e-03 -1.137726664477033221e-03 1.302382117932857422e-02 -7.641623702630628324e-03 -8.577312700416712607e-03 -1.212442607111939748e-02 4.128510569108822734e-03 3.660035351726980291e-03 3.613093330058875577e-03 -8.400125714739272581e-03 -3.946235561649127574e-03 2.595645633639427326e-04
